1  5330
2  5331
3  5332
4  5333
5  5334
6  5335
7  5336
8  5337
9  5338
10 5339
11 5340
12 5341
13 5342
14 5343
15 5344
16 5345
17 5346
18 5347
19 5391
20 5348
21 5349
22 5350
23 5351
24 5352
25 5353
26 5354
27 5355
28 5356
29 5357
30 5358
31 5359
32 5360
33 5361
34 5362
35 5363
36 5364
37 5366
38 5373
39 5374
40 5375
41 5376
42 5371
43 5365
44 5392
45 5393
46 5394
47 5395
48 5396
49 5397
50 5377
51 5378
52 5379
53 5380
54 5381
55 5382
56 5383
57 5384
58 5385
59 5386
60 5387
61 5388
62 5389
63 5390
64 5398
65 5399
66 5400
67 5401
68 5425
69 5426
70 5427
71 5428
72 5429
73 5430
74 5431
75 5432
76 5433
77 5434
78 5435
79 5436
80 5437
81 5438
82 5439
83 5440
84 5441
85 5442
86 5443
87 5444
88 5446
89 5447
90 5448